0 	 AFC	 1	 , 0	 , 0	
1 	 COP	 0	 , 1	 , 0	
2 	 AFC	 2	 , 1	 , 0	
3 	 COP	 1	 , 2	 , 0	
4 	 COP	 2	 , 0	 , 0	
5 	 AFC	 3	 , 2	 , 0	
6 	  EQ	 2	 , 3	 , 2	
7 	 COP	 3	 , 1	 , 0	
8 	 AFC	 4	 , 5	 , 0	
9 	  LE	 3	 , 4	 , 3	
10 	 JMPF	 -1	 , 19	 , -1	
11 	 AFC	 2	 , 6	 , 0	
12 	 COP	 0	 , 2	 , 0	
13 	 COP	 2	 , 0	 , 0	
14 	 AFC	 3	 , 6	 , 0	
15 	  GT	 2	 , 3	 , 2	
16 	 JMPF	 -1	 , 18	 , -1	
17 	 PRI	 0	 , -1	 , -1	
18 	 JMP	 1	 , 24	 , 0	
19 	 AFC	 3	 , 8	 , 0	
20 	 COP	 0	 , 3	 , 0	
21 	 AFC	 3	 , 10	 , 0	
22 	 COP	 2	 , 3	 , 0	
23 	 PRI	 1	 , -1	 , -1	
24 	 AFC	 3	 , 69	 , 0	
25 	 COP	 2	 , 3	 , 0	
26 	 NOP	 -1	 , -1	 , -1	
